0 6 0 18 -18 120  60 80 0.04 0.2333 0.00833
0 4 0 0 0 95  120 65 0.04 0.2333 0.008333
1 2 0 0 0 50  50 65 0.0 0.0 0.0
1 0 2 19 -19 50  70 65 0.0 0.0 0.0
0 5 1 -10 19 100  80 35 0.04 0.2333 0.008333
0 5 1 -5 22 100  80 35 0.04 0.2333 0.008333
0 6 0 16 -16 85  80 25 0.04 0.2333 0.008333
0 6 2 10 -28 100  80 35 0.04 0.23333 0.008333
0 0 2 19 -19 100  80 65 0.0 0.0 0.0
0 0 0 0 0 0  0 0 0 0 0
0 4 0 0 0 85  120 65 0.04 0.2333 0.008333
1 2 0 0 0 50  50 65 0.0 0.0 0.0
1 0 2 19 -19 50  70 65 0.0 0.0 0.0
0 5 1 -10 19 100  80 35 0.04 0.2333 0.008333
0 5 1 -5 22 100  80 35 0.04 0.2333 0.008333
0 6 0 16 -16 100  80 25 0.04 0.2333 0.008333
0 0 0 0 0 0 0 0 0 0 0
0 0 0 0 0 0 0 0 0 0 0
0 0 0 0 0 0 0 0 0 0 0
0 6 0 16 16 100  60 40 0.04 0.2333 0.008333
0 6 2 22 -8 120  100 50 0.04 0.23333 0.008333
0 4 0 0 0 85  100 65 0.04 0.2333 0.008333
1 2 0 0 0 50  50 65 0.0 0.0 0.0
1 0 2 19 -19 60  60 35 0.04 0.2333 0.008333
0 5 1 -10 28 95  80 30 0.04 0.2333 0.008333
0 5 1 -5 22 100  80 35 0.04 0.2333 0.008333
0 6 0 16 -16 80  85 25 0.04 0.2333 0.008333
0 0 0 0 0 0 0 0 0 0 0
0 0 0 0 0 0 0 0 0 0 0
0 0 0 0 0 0 0 0 0 0 0
0 4 0 0 0 85  120 65 0.04 0.2333 0.008333
1 2 0 0 0 50  50 35 0.0 0.0 0.0
1 0 2 19 -19 60  60 35 0.0 0.0 0.0
0 5 1 -10 19 100  80 35 0.04 0.2333 0.008333
0 5 1 -5 22 100  80 35 0.04 0.2333 0.008333
0 6 2 16 -16 85  80 25 0.04 0.2333 0.008333
0 0 0 0 0 0 0 0 0 0 0
0 0 0 0 0 0 0 0 0 0 0
