0 6 0 15 15 120  120 15
0 4 0 0 0 120  120 35
1 1 0 0 0 50  50 35
1 0 2 33 -5 60  60 35
0 5 0 -15 -15 100  100 15
0 5 0 -15 -15 0 0 0
0 6 0 20 20 0 0 0
0 6 0 15 15 0 0 0
0 0 0 0 0 0 0 0
0 0 0 0 0 0 0 0
0 4 0 0 0 0 0 0
1 1 0 0 0 0 0 0
1 0 0 15 15 0 0 0
0 5 0 -15 -15 0 0 0
0 5 0 -15 -15 0 0 0
0 6 0 15 15 0 0 0
0 0 0 0 0 0 0 0
0 0 0 0 0 0 0 0
0 0 0 0 0 0 0 0
1 3 2 9 -9 0 0 0
0 0 0 0 0 0 0 0
0 0 0 0 0 0 0 0
0 0 0 0 0 0 0 0
0 0 0 0 0 0 0 0
0 0 0 0 0 0 0 0
0 0 0 0 0 0 0 0
0 0 0 0 0 0 0 0
0 0 0 0 0 0 0 0
0 0 0 0 0 0 0 0
0 0 0 0 0 0 0 0
0 0 0 0 0 0 0 0
0 0 0 0 0 0 0 0
0 0 0 0 0 0 0 0
0 0 0 0 0 0 0 0
0 0 0 0 0 0 0 0
0 0 0 0 0 0 0 0
0 0 0 0 0 0 0 0
0 0 0 0 0 0 0 0
