0 5 0 14 -14 180 180 75 0.0145 0.0 0.0081667 1 255 0
0 3 0 0 0 150 100 75 0.0185 0.0 0.0081667 1 200 0
1 2 3 12 -28 40 180 75 0.018 0.0 0.008 1 110 0
1 3 2 16 -17 100 150 0 0.018 0.0 0.008 1 255 0
0 4 1 -16 16 180 150 35 0.018 0.0 0.008 1 110 0
0 4 1 -12 23 180 150 60 0.018 0.0 0.008 1 110 0
0 5 2 23 -10 100 150 55 0.018 0.0 0.008 1 110 0
0 5 2 16 -16 180 150 105 0.018 0.0 0.008 1 110 0
0 5 2 23 -12 180 150 90 0.018 0.0 0.008 1 110 0
0 4 1 -10 23 100 150 95 0.018 0.0 0.008 1 110 0
0 3 3 0 0 70 100 75 0.018 0.0 0.008 1 110 0
1 2 0 0 0 60 0 0 0.018 0.0 0.008 1 110 0
1 0 2 16 -17 100 150 0 0.018 0.0 0.008 0 255 0
0 4 1 -16 16 180 150 35 0.018 0.0 0.008 1 110 0
0 4 3 -7 28 180 150 60 0.018 0.0 0.008 1 110 0
1 3 0 18 -18 180 100 35 0.018 0.0 0.008 1 100 0
0 5 2 16 -16 180 150 105 0.018 0.0 0.008 1 110 0
0 5 0 9 -9 160 100 90 0.018 0.0 0.008 1 110 0
1 6 0 11 -11 160 100 115 0.018 0.0 0.008 2 170 0
0 0 0 0 0 0 0 0 0.018 0.0 0.008 0 255 1
0 5 0 14 -14 180 180 75 0.0145 0.0 0.0081667 1 255 0
0 3 0 0 0 150 100 75 0.0185 0.0 0.0081667 1 200 0
1 2 3 12 -28 40 180 75 0.018 0.0 0.008 1 110 0
1 3 2 16 -17 100 150 0 0.018 0.0 0.008 1 255 0
0 4 1 -16 16 180 150 35 0.018 0.0 0.008 1 110 0
0 4 1 -12 23 160 150 60 0.018 0.0 0.008 1 110 0
0 5 2 23 -10 100 150 35 0.018 0.0 0.008 1 110 0
0 5 2 16 -16 180 150 115 0.018 0.0 0.008 1 110 0
0 5 2 23 -12 180 150 90 0.018 0.0 0.008 1 110 0
0 4 1 -10 23 100 150 115 0.018 0.0 0.008 1 110 0
0 3 3 0 0 70 100 75 0.018 0.0 0.008 1 110 0
1 2 0 0 0 60 0 0 0.018 0.0 0.008 1 110 0
1 0 2 16 -17 100 150 0 0.018 0.0 0.008 0 255 0
0 4 1 -16 16 180 150 35 0.018 0.0 0.008 1 110 0
0 4 3 -7 28 180 150 60 0.018 0.0 0.008 1 110 0
1 3 0 18 -18 180 100 35 0.018 0.0 0.008 1 100 0
0 5 2 16 -16 180 150 115 0.018 0.0 0.008 1 110 0
0 5 0 8 -8 140 100 90 0.018 0.0 0.008 1 110 0
1 6 0 11 -11 160 100 115 0.018 0.0 0.008 2 170 0
0 0 0 0 0 0 0 0 0.018 0.0 0.008 0 255 1
